24 1 1 100 1.686842e-02
24 1 1 200 1.474012e-02
24 1 1 300 8.441736e-03
24 1 1 400 2.438295e-02
24 1 1 500 1.848989e-02
24 1 1 600 1.906164e-02
24 1 1 700 1.476216e-02
24 1 1 800 2.419358e-02
24 1 1 900 2.056332e-02
24 1 1 1000 1.324313e-02
24 1 1 1100 9.130078e-03
24 1 1 1200 2.003730e-02
24 1 1 1300 1.241369e-02
24 1 1 1400 1.842283e-02
24 1 1 1500 2.029377e-02
24 1 1 1600 1.872379e-02
24 1 1 1700 2.264064e-02
24 1 1 1800 2.888120e-02
24 1 1 1900 2.218806e-02
24 1 1 2000 4.852156e-02
24 1 1 2100 2.537230e-02
24 1 1 2200 2.540416e-02
24 1 1 2300 9.576670e-03
24 1 1 2400 1.329937e-02
24 1 1 2500 1.649214e-02
24 1 1 2600 5.047355e-02
24 1 1 2700 4.096880e-02
24 1 1 2800 9.371577e-03
24 1 1 2900 1.170170e-02
24 1 1 3000 6.777565e-03
24 1 1 3100 2.286987e-02
24 1 1 3200 1.120703e-02
24 1 1 3300 1.769144e-02
24 1 1 3400 4.236171e-02
24 1 1 3500 8.848910e-03
24 1 1 3600 1.594448e-02
24 1 1 3700 3.422170e-02
24 1 1 3800 1.438229e-02
24 1 1 3900 2.300337e-02
24 1 1 4000 8.762787e-03
24 1 1 4100 1.794896e-02
24 1 1 4200 3.452969e-02
24 1 1 4300 1.253584e-02
24 1 1 4400 1.877942e-02
24 1 1 4500 3.201549e-02
24 1 1 4600 2.818300e-02
24 1 1 4700 8.530754e-03
24 1 1 4800 1.477983e-02
24 1 1 4900 2.185185e-02
24 1 1 5000 1.771933e-02
24 1 1 5100 8.764699e-03
24 1 1 5200 1.498875e-02
24 1 1 5300 1.100813e-02
24 1 1 5400 2.045842e-02
24 1 1 5500 1.103394e-02
24 1 1 5600 2.017234e-02
24 1 1 5700 3.808167e-02
24 1 1 5800 1.231278e-02
24 1 1 5900 1.327498e-02
24 1 1 6000 1.000050e-02
24 1 1 6100 7.365016e-03
24 1 1 6200 1.518857e-02
24 1 1 6300 7.720173e-03
24 1 1 6400 7.173141e-03
24 1 1 6500 8.910773e-03
24 1 1 6600 1.581681e-02
24 1 1 6700 9.105805e-03
24 1 1 6800 1.037282e-02
24 1 1 6900 2.342210e-02
24 1 1 7000 1.165418e-02
24 1 1 7100 6.495738e-03
24 1 1 7200 1.146911e-02
24 1 1 7300 3.615047e-02
24 1 1 7400 1.616783e-02
24 1 1 7500 1.229683e-02
24 1 1 7600 1.389336e-02
24 1 1 7700 2.803995e-02
24 1 1 7800 1.147897e-02
24 1 1 7900 3.224689e-02
24 1 1 8000 9.314631e-03
24 1 1 8100 1.232806e-02
24 1 1 8200 4.736480e-02
24 1 1 8300 8.772223e-03
24 1 1 8400 1.454507e-02
24 1 1 8500 1.248492e-02
24 1 1 8600 8.636495e-03
24 1 1 8700 9.411531e-03
24 1 1 8800 1.126201e-02
24 1 1 8900 1.086479e-02
24 1 1 9000 1.525168e-02
24 1 1 9100 1.456801e-02
24 1 1 9200 2.692327e-02
24 1 1 9300 6.304795e-03
24 1 1 9400 8.029725e-03
24 1 1 9500 1.065846e-02
24 1 1 9600 1.240164e-02
24 1 1 9700 1.415875e-02
24 1 1 9800 9.833748e-03
24 1 1 9900 1.746123e-02
24 1 1 10000 1.704962e-02
24 1 1 20000 1.619890e-02
24 1 1 30000 1.745786e-02
24 1 1 40000 2.030795e-02
24 1 1 50000 1.085831e-02
24 1 1 60000 1.591554e-02
24 1 1 70000 9.089412e-03
24 1 1 80000 1.348028e-02
24 1 1 90000 1.124022e-02
24 1 1 100000 9.911633e-03
24 1 1 200000 1.076706e-02
24 1 1 300000 2.076238e-02
24 1 1 400000 1.330685e-02
24 1 1 500000 7.410930e-03
24 1 1 600000 7.889632e-03
24 1 1 700000 8.518115e-03
24 1 1 800000 7.826169e-03
24 1 1 900000 1.089024e-02
24 1 1 1000000 7.046063e-03
24 1 1 2000000 1.635014e-02
24 1 1 3000000 1.451684e-02
24 1 1 4000000 2.165720e-02
24 1 1 5000000 2.051869e-02
24 1 1 6000000 8.893289e-03
24 1 1 7000000 1.532802e-02
24 1 1 8000000 3.231857e-02
24 1 1 9000000 1.382404e-02
